1564392169
1564393080
1564393273
1564393283
1564393451
1564393498
1564393575
1564393709
1564393916
1564394214
1564394402
1564394427
1564394537
1564394557
1564394597
1564394622
1564395115
1564395140
1564395399
1564395406
1564395409
1564395425
1564395430
1564395582
1564395607
1564395762
1564395787
1564400914
1564400939
1564401134
1564401159
1564401199
1564401348
1564401588
1564401613
1564401811
1564403798
1564405450
1564405700
1564410276
1564410472
1564410567
1564410630
1564410793
1564410858
1564411533
1564411783
1564411941
1564412079
1564412199
1564416812
1564416873
1564416970
1564473335
1564473807
1564473890
1564474010
1564474255
1564474599
1564474915
1564475235
1564475263
1564475406
1564475850
1564476691
1564476907
1564477110
1564477426
1564477537
1564477884
1564477938
1564478012
1564478103
1564478165
1564479184
1564479286
1564480895
1564480977
1564481014
1564481026
1564481038
1564481050
1564481062
1564481075
1564481087
1564481387
1564481429
1564481441
1564481453
1564481465
1564481477
1564481489
1564481501
1564481513
1564481530
1564481542
1564481671
1564481683
1564481695
1564481707
1564481724
1564487760
1564487779
1564487791
1564487799
1564487849
1564488791
1564488803
1564488934
1564488946
1564488956
1564489401
1564489441
1564489453
1564489465
1564489477
1564489489
1564489501
1564489513
1564489525
1564489537
1564489549
1564489561
1564492535
1564492547
1564492559
1564492571
1564492583
1564492595
1564492607
1564492619
1564492631
1564492644
1564492656
1564492668
1564492680
1564492692
1564492704
1564492716
1564492728
1564492740
1564492752
1564492764
1564492776
1564492788
1564492800
1564492813
1564492825
1564492837
1564492849
1564492861
1564492873
1564492885
1564492897
1564492909
1564492921
1564492933
1564492945
1564492957
1564492970
1564492982
1564492994
1564493006
1564493018
1564493030
1564493042
1564493054
1564493066
1564493078
1564493090
1564493102
1564493114
1564493126
1564493139
1564493151
1564493163
1564493175
1564493187
1564493199
1564493211
1564493223
1564493235
1564493247
1564493259
1564493271
1564493283
1564493295
1564493308
1564493320
1564493332
1564493344
1564493356
1564493368
1564493380
1564493392
1564493404
1564493416
1564493428
1564493440
1564493452
1564493465
1564493477
1564493489
1564493501
1564493513
1564493525
1564493537
1564493549
1564493561
1564493573
1564493585
1564493597
1564493609
1564493621
1564493634
1564493646
1564493658
1564493670
1564493682
1564493694
1564493706
1564493718
1564493730
1564493742
1564493754
1564493766
1564493778
1564493790
1564493803
1564493815
1564493827
1564493839
1564493851
1564493863
1564493875
1564493887
1564493899
1564493911
1564493923
1564493935
1564493947
1564493959
1564493972
1564493984
1564493996
1564494008
1564494020
1564494032
1564494044
1564494056
1564494068
1564494080
1564494092
1564494104
1564494116
1564494128
1564494192
1564494204
1564494271
1564494293
1564494348
1564494360
1564494372
